4378
0 4 592 1003 1357 1464 1498 1603 1694 1766 
1004 1134 2289 2357 2400 2479 2508 2614 2695 2826 
1112 1334 1396 1422 1423 3678 3850 3985 4101 4142 
2190 2239 2265 2544 2785 3574 3655 3726 3794 3858 
597 1095 1189 1281 1334 1396 1464 1529 1865 1952 
1690 1755 1863 2022 2140 2215 2579 2673 2772 2800 
71 183 643 1108 1194 1302 1361 1378 1449 1857 
165 1202 1363 2932 2991 3063 3158 3532 3621 3747 
1399 1557 1800 1906 2087 2113 2171 3020 3036 3221 
964 1170 1277 1484 1557 1725 1786 1863 1892 3293 
576 771 819 879 1125 1283 1573 1646 1766 1845 
0 559 730 776 796 819 859 958 1112 1206 
1049 2622 2694 2785 3030 3900 3953 4001 4072 4135 
0 415 1364 1437 1570 1642 1779 1863 1952 2369 
234 387 1600 1711 1800 1981 2031 2450 2809 3029 
41 1690 1796 1929 2089 2184 2274 3578 3669 3835 
751 771 1303 1501 2786 3948 3985 4081 4202 4301 
2427 2472 2862 3024 3170 3262 3315 3562 3674 3687 
507 656 730 2508 3183 3432 3441 3716 3858 3946 
2206 2289 2452 2500 2588 2795 2954 3001 3447 3500 
0 85 101 165 306 385 422 471 538 633 
30 178 382 387 453 538 553 633 673 674 
397 418 1032 1194 1281 1918 1982 2163 2291 2543 
1493 2408 2500 2822 3091 3387 3466 3532 3574 3621 
72 149 234 344 2464 3914 4072 4188 4239 4301 
1265 1303 1423 1748 1846 2101 2115 2274 2337 2435 
314 453 507 833 1463 1485 1615 1694 1736 2975 
282 864 960 1016 1084 1184 1248 1267 1706 1807 
613 2374 2599 2682 2777 2814 2970 3029 3060 3280 
117 1596 1690 1711 1922 2007 2101 2765 3201 3299 
0 1852 2535 2602 2776 2864 3294 3322 3524 3617 
2601 2873 3054 3103 3104 3270 3302 3346 3592 3608 
1485 2215 2239 2262 2303 2586 2606 2768 2890 3158 
120 225 1640 1708 1846 2031 2079 2705 2862 2954 
1642 1672 1687 1831 1949 2300 2380 2421 2473 2677 
167 297 385 766 1672 1846 1894 1982 2115 2220 
355 363 525 983 1084 1137 1206 1277 1302 1378 
2543 2694 2777 2805 2954 2975 3052 3309 3355 3418 
1378 1582 1882 2007 2123 2173 2328 2378 2473 2508 
451 530 569 960 1078 1174 1334 1565 1642 1725 
12 1851 2043 2140 2236 2885 2975 3021 3328 3466 
2588 2771 2809 2991 3091 3103 3235 3664 3744 3835 
466 699 796 829 1016 1032 1225 1441 1529 1615 
62 351 765 2113 2190 2252 2337 2376 2435 2517 
2227 2265 2303 2400 2440 2542 2658 2707 2805 3345 
0 1055 1078 1259 2489 2673 3687 3744 3794 3858 
1339 2860 2932 3024 3103 3170 3270 3433 3863 3946 
101 264 1397 2230 2357 2440 2517 2695 3129 3346 
496 679 829 899 964 1049 1137 1267 1391 1498 
1564 1947 2043 2123 2128 2227 2371 2421 2606 2751 
