4297
0 690 1756 1893 1894 2141 2439 2527 3664 3920 
71 183 190 258 1068 1162 1298 1369 1450 1474 
1968 2062 2274 2275 2277 2489 2838 2960 3457 3498 
1599 1739 1765 1848 1887 2079 2083 2295 2360 2416 
0 727 842 934 1026 1369 1450 1515 1589 1732 
301 402 453 1120 1233 1460 1520 1637 1732 1760 
1289 1338 1437 1643 2188 2390 2422 2722 2793 2808 
86 689 779 794 993 1119 1214 1277 1362 1437 
204 2477 2502 2664 2740 2793 2925 2980 3615 3737 
159 160 2253 2276 2349 2458 2520 2597 2626 2715 
1546 1729 3024 3079 3095 3207 3285 3346 3500 3595 
1290 1559 1622 1719 1739 1837 2047 2146 2225 2319 
992 1232 1368 2823 2932 2939 3111 3319 3951 4014 
648 734 1933 1968 2032 2231 2422 2489 2676 2755 
860 1168 1281 1418 1507 1589 1614 1760 1852 1896 
432 589 654 689 767 784 917 971 1062 1676 
160 1196 1304 1557 1707 1778 1892 1940 1960 2047 
58 104 901 993 1023 1082 1129 1228 1447 1460 
2586 2687 2761 2807 2871 2873 2888 3021 3231 3889 
258 341 470 548 2499 2808 2822 3602 4067 4159 
428 636 2206 2295 2409 2851 2888 3390 3457 3796 
1525 1633 1719 1848 1978 4052 4091 4159 4199 4293 
426 446 752 794 934 1154 1214 1228 1362 1447 
0 1090 1182 1281 1337 1650 1729 1795 1845 1987 
172 2768 2938 3046 3095 3173 3768 3875 3999 4061 
2215 2274 2349 2566 2664 2759 2869 2954 3003 3211 
82 150 204 266 431 453 510 589 608 685 
490 2385 2481 2656 3143 3285 3326 3498 3500 3629 
0 1878 1931 2089 2178 2365 2626 3928 4105 4124 
341 431 569 660 738 823 917 1007 1062 1594 
775 1730 1852 1860 1973 2115 2360 3573 3669 3737 
0 611 1473 1613 1894 1973 2181 2225 2743 2815 
74 159 525 548 589 648 668 720 778 853 
266 313 402 2253 2488 2505 2715 2981 3081 4005 
2355 2385 2505 2566 2586 2876 2962 3751 3803 3846 
2032 2063 2343 2410 2481 2570 2634 3204 3326 3388 
2058 2155 2206 2275 2386 2597 2634 2996 3081 3950 
511 2933 3037 3075 3143 3164 3552 3629 3736 3801 
526 784 853 1088 1182 1515 1594 1681 1877 1896 
0 121 2898 2909 3079 3147 3231 4014 4124 4207 
150 1023 1090 1459 1525 1591 1681 1795 2030 2047 
46 167 172 590 767 874 937 996 1071 1209 
2059 2089 2155 2273 2388 2553 2685 2868 2876 3138 
1082 1187 1337 1816 1914 1960 2083 2319 2506 2799 
2717 2807 2823 3016 3024 3075 3192 3288 3346 3405 
496 1570 1724 1860 1959 2047 2124 2181 2231 3669 
2502 2584 2676 2768 2844 3696 3796 3861 3899 3950 
1522 1765 2178 2659 2761 3406 3499 3525 3679 4207 
654 1365 1507 1557 1622 1852 1940 1987 2020 2312 
823 918 2853 2933 2938 3803 3861 3899 3928 4061 
